51
0	
0
1,558431933
3,118018331
3,118018331
3,118018331
6,245318852
6,245318852
6,245318852
4,679921381
9,391435448
9,391435448
10,97466389
10,97466389
12,5664247
12,5664247
12,5664247
15,78117851
15,78117851
15,78117851
20,70481105
20,70481105
22,38013505
27,53814537
24,07588468
29,31005354
29,31005354
29,31005354
34,82869235
32,95145733
38,7201834
38,7201834
34,82869235
38,7201834
38,7201834
42,83663916
38,7201834
36,74975129
45
45
38,7201834
42,83663916
40,74653612
40,74653612
38,7201834
40,74653612
45
45
38,7201834
42,83663916
45
